Steps:  9605 Reward:  194.269855991
New params at step:  9605
params0:  [-0.05722454 -0.54163369 -0.18830222 -0.87860024  0.07090453 -0.01156846 -0.42350849  0.55038926]
params1:  [ 0.43920314  0.81800336  0.06426748  0.141944   -0.51278718 -0.60588986  0.05795778 -0.19704062]
params2:  [ 0.53602964  0.66049142  0.03526278 -0.92508418 -0.60864974 -0.38839434  0.64909252  0.64233482]
params3:  [ 0.232182    0.68012135 -0.90156484 -0.76741368  0.05705664 -0.18606262 -0.96862672 -0.95186191]
Steps:  9625 Reward:  211.312675969
New params at step:  9625
params0:  [ 0.29651721 -0.18789194  0.16543953 -0.52485849  0.42464628  0.34217329 -0.06976674  0.90413101]
params1:  [ 1.39557277  1.77437299  1.02063711  1.09831363  0.44358245  0.35047976  1.01432741  0.759329  ]
params2:  [ 0.88760857  1.01207035  0.38684171 -0.57350526 -0.25707081 -0.03681542  1.00067145  0.99391375]
params3:  [ 1.05837023  1.50630958 -0.07537661  0.05877455  0.88324488  0.64012561 -0.14243849 -0.12567368]
Steps:  9660 Reward:  308.86306657
New params at step:  9660
params0:  [-0.50741443 -0.99182358 -0.63849211 -1.32879013 -0.37928536 -0.46175834 -0.87369837  0.10019937]
params1:  [ 1.74775052  2.12655074  1.37281486  1.45049138  0.7957602   0.70265752  1.36650516  1.11150676]
params2:  [ 0.97280931  1.09727109  0.47204244 -0.48830452 -0.17187008  0.04838532  1.08587218  1.07911449]
params3:  [ 1.27162192  1.71956128  0.13787508  0.27202624  1.09649657  0.85337731  0.07081321  0.08757801]
Steps:  9751 Reward:  320.719213104
New params at step:  9751
params0:  [-0.75020186 -1.234611   -0.88127954 -1.57157756 -0.62207278 -0.70454577 -1.1164858  -0.14258805]
params1:  [ 2.4032518   2.78205202  2.02831614  2.10599266  1.45126148  1.3581588  2.02200644  1.76700804]
params2:  [ 1.21139427  1.33585605  0.71062741 -0.24971955  0.06671489  0.28697029  1.32445715  1.31769945]
params3:  [ 1.48497428  1.93291363  0.35122744  0.4853786   1.30984892  1.06672966  0.28416556  0.30093037]
Steps:  9777 Reward:  353.806619047
New params at step:  9777
params0:  [-1.0073151  -1.49172425 -1.13839278 -1.8286908  -0.87918603 -0.96165902 -1.37359904 -0.3997013 ]
params1:  [ 2.48783262  2.86663284  2.11289696  2.19057348  1.53584231  1.44273962  2.10658727  1.85158886]
params2:  [ 1.04105282  1.1655146   0.54028595 -0.42006101 -0.10362657  0.11662883  1.15411569  1.14735799]
params3:  [ 1.51114542  1.95908477  0.37739858  0.51154974  1.33602007  1.0929008  0.3103367   0.32710151]
Steps:  9793 Reward:  364.728694749
New params at step:  9793
params0:  [-0.99784033 -1.48224947 -1.128918   -1.81921602 -0.86971125 -0.95218424 -1.36412427 -0.39022652]
params1:  [ 2.33565398  2.71445419  1.96071832  2.03839483  1.38366366  1.29056097  1.95440862  1.69941021]
params2:  [ 0.86654426  0.99100604  0.3657774  -0.59456957 -0.27813512 -0.05787973  0.97960713  0.97284944]
params3:  [ 1.36627608  1.81421544  0.23252924  0.3666804   1.19115073  0.94803147  0.16546737  0.18223217]
